0.999999940 0.000000000 -0.000000000 0.000000000 0.000000000 1.000000000 0.000000000 -0.000000015 -0.000000000 0.000000000 1.000000000 -0.000000007
0.999991238 -0.002600262 -0.003264318 -0.004164975 0.002594949 0.999995232 -0.001631104 -0.013304572 0.003268544 0.001622619 0.999993324 0.673040032
0.999969959 -0.001187890 -0.007651384 -0.013953606 0.001162540 0.999993861 -0.003316665 -0.012089997 0.007655277 0.003307671 0.999965310 1.362675905
0.999940097 -0.001161921 -0.010879507 -0.034585185 0.001108706 0.999987423 -0.004896095 -0.016162330 0.010885059 0.004883741 0.999928892 2.067585945
0.999871492 -0.000160653 -0.016028007 -0.050807957 0.000074514 0.999985576 -0.005374731 -0.021079654 0.016028641 0.005372847 0.999857128 2.793542862
0.999791324 -0.000904702 -0.020408552 -0.066385105 0.000782912 0.999981761 -0.005974778 -0.020203687 0.020413585 0.005957553 0.999773920 3.536210775
0.999691486 0.000408528 -0.024833534 -0.095047966 -0.000590742 0.999972880 -0.007330516 -0.026706589 0.024829874 0.007342924 0.999664783 4.284969330
0.999565721 0.003361084 -0.029272836 -0.134037435 -0.003594082 0.999962270 -0.007910531 -0.036608145 0.029245147 0.008012308 0.999540210 5.053794384
0.999421716 0.003789848 -0.033788525 -0.165547520 -0.003996415 0.999973714 -0.006048081 -0.049007948 0.033764724 0.006179616 0.999410689 5.831469059
0.999268472 0.003252450 -0.038104750 -0.203950211 -0.003396631 0.999987364 -0.003719658 -0.050990656 0.038092174 0.003846365 0.999266803 6.631406307
0.999131501 0.003096997 -0.041550569 -0.241170332 -0.003144663 0.999994457 -0.001081856 -0.060057655 0.041546986 0.001211579 0.999135852 7.443099022
0.999009609 0.004640019 -0.044252675 -0.282430887 -0.004729010 0.999986887 -0.001906453 -0.067418627 0.044243257 0.002113836 0.999018610 8.257289886
0.998907983 0.004061478 -0.046543229 -0.326144457 -0.004157330 0.999989450 -0.001962797 -0.076941401 0.046534766 0.002154149 0.998914421 9.075477600
0.998860478 0.001177413 -0.047710918 -0.374170780 -0.001300612 0.999995947 -0.002551225 -0.082152970 0.047707722 0.002610371 0.998857915 9.909462929
0.998734176 0.000834212 -0.050291542 -0.410781026 -0.000910281 0.999998450 -0.001489669 -0.094495155 0.050290219 0.001533564 0.998733521 10.755518913
0.998669326 -0.000853801 -0.051562179 -0.460120410 0.000766432 0.999998212 -0.001714194 -0.103961736 0.051563561 0.001672394 0.998668313 11.589627266
0.998583734 0.001830363 -0.053169608 -0.513685882 -0.002063660 0.999988377 -0.004333210 -0.108529836 0.053161066 0.004436797 0.998576105 12.447473526
0.998499095 0.001778647 -0.054739222 -0.564318001 -0.002134792 0.999976873 -0.006448423 -0.124598183 0.054726489 0.006555601 0.998479903 13.315912247
0.998382509 0.006095903 -0.056524433 -0.621983290 -0.006602681 0.999939680 -0.008783258 -0.131209537 0.056467481 0.009142268 0.998362541 14.187952995
0.998323023 0.007180558 -0.057441805 -0.680315077 -0.007643001 0.999940038 -0.007835008 -0.151657626 0.057382107 0.008260897 0.998318136 15.068330765
0.998277485 0.006214614 -0.058337625 -0.740363836 -0.006610991 0.999956250 -0.006603980 -0.163744822 0.058294043 0.006978275 0.998274982 15.963722229
0.998165786 0.006976464 -0.060135242 -0.796040893 -0.007294400 0.999960542 -0.005069109 -0.173968703 0.060097504 0.005498462 0.998177409 16.861213684
0.998123407 0.006503968 -0.060888156 -0.856749058 -0.006844628 0.999962091 -0.005387926 -0.183694169 0.060850807 0.005794572 0.998130083 17.764728546
0.998025596 0.006392135 -0.062480226 -0.919658303 -0.006777343 0.999959290 -0.005955273 -0.198853672 0.062439617 0.006366965 0.998028457 18.659626007
0.997940361 0.005823793 -0.063883305 -0.974791467 -0.006264666 0.999957860 -0.006703059 -0.212291420 0.063841566 0.007089462 0.997934878 19.576528549
0.997922301 0.006299898 -0.064119443 -1.035784841 -0.006649632 0.999964178 -0.005242467 -0.220906690 0.064084120 0.005657946 0.997928500 20.485633850
0.997905612 0.007174176 -0.064287603 -1.100566030 -0.007310425 0.999971509 -0.001884390 -0.236373648 0.064272270 0.002350414 0.997929633 21.416076660
0.997969389 0.007561839 -0.063242324 -1.171591043 -0.007408913 0.999969006 0.002652287 -0.254063427 0.063260406 -0.002178345 0.997994661 22.368305206
0.998074472 0.006022060 -0.061731819 -1.227037787 -0.005699682 0.999969184 0.005397030 -0.257546157 0.061762422 -0.005034788 0.998078167 23.299825668
0.998163939 0.005785043 -0.060292229 -1.284786582 -0.005439668 0.999967873 0.005890913 -0.261079490 0.060324371 -0.005552128 0.998163462 24.224979401
0.998259246 0.006467511 -0.058621943 -1.349061966 -0.006291897 0.999975085 0.003179796 -0.267367750 0.058641050 -0.002805417 0.998275161 25.177837372
0.998286784 0.007134540 -0.058072712 -1.397011757 -0.007239580 0.999972463 -0.001598564 -0.280145109 0.058059707 0.002016248 0.998311102 26.122859955
0.998375475 0.006215927 -0.056636143 -1.454710603 -0.006486195 0.999968410 -0.004589429 -0.284011841 0.056605831 0.004949327 0.998384356 27.061403275
0.998439610 0.005103699 -0.055607662 -1.523437262 -0.005341959 0.999977171 -0.004136854 -0.293145150 0.055585291 0.004427454 0.998444140 28.038806915
0.998404682 0.001446086 -0.056442954 -1.569288492 -0.001357762 0.999997795 0.001603167 -0.307572126 0.056445155 -0.001523973 0.998404503 29.002161026
0.998362243 -0.000916518 -0.057200503 -1.620729208 0.001201788 0.999987006 0.004952985 -0.318678468 0.057195220 -0.005013616 0.998350382 29.972423553
0.998247981 -0.008264060 -0.058587603 -1.667106032 0.008520578 0.999955058 0.004129881 -0.324880481 0.058550846 -0.004621846 0.998273730 30.946090698
0.998117507 -0.011588417 -0.060225584 -1.720339298 0.011643331 0.999931991 0.000560962 -0.332637578 0.060214985 -0.001261133 0.998184681 31.915792465
0.998054743 -0.010734061 -0.061410584 -1.786814809 0.010536841 0.999938250 -0.003534427 -0.342060268 0.061444741 0.002880479 0.998106301 32.883575439
0.997923434 -0.009466197 -0.063711263 -1.847920537 0.009208507 0.999948204 -0.004337118 -0.350125402 0.063749030 0.003741428 0.997958958 33.871295929
0.997884631 -0.009336054 -0.064334549 -1.915781975 0.009185511 0.999954402 -0.002635387 -0.369460523 0.064356200 0.002038867 0.997924924 34.857723236
0.997839332 -0.006068129 -0.065419853 -1.988224506 0.006070131 0.999981523 -0.000168157 -0.375217885 0.065419689 -0.000229314 0.997857809 35.845546722
0.997747540 -0.005601880 -0.066846557 -2.057102680 0.005693248 0.999983072 0.001176404 -0.396480292 0.066838838 -0.001554328 0.997762561 36.853187561
0.997715414 -0.003666667 -0.067457400 -2.135631561 0.003915911 0.999985993 0.003562996 -0.401729465 0.067443378 -0.003819013 0.997715831 37.836582184
0.997729182 -0.003754668 -0.067247622 -2.207407713 0.004208069 0.999969363 0.006601868 -0.412042379 0.067220770 -0.006869860 0.997714520 38.839248657
0.997696459 0.001519523 -0.067818373 -2.285901070 -0.000924705 0.999960840 0.008801274 -0.411636919 0.067829087 -0.008718289 0.997658849 39.821968079
0.997675300 0.002247869 -0.068110064 -2.355777264 -0.001704589 0.999966323 0.008033576 -0.418680876 0.068125814 -0.007898800 0.997645378 40.819911957
0.997688472 0.002388930 -0.067910694 -2.425992727 -0.001965196 0.999978185 0.006305708 -0.421461314 0.067924291 -0.006157675 0.997671545 41.800331116
0.997671545 0.004246448 -0.068068907 -2.503670931 -0.003991149 0.999984443 0.003886141 -0.424343944 0.068084352 -0.003605420 0.997673094 42.793888092
0.997624636 0.004207740 -0.068755165 -2.577932358 -0.003933755 0.999983728 0.004119856 -0.436771363 0.068771370 -0.003839604 0.997625113 43.781574249
0.997532785 0.001999922 -0.070172824 -2.644311666 -0.001624014 0.999984026 0.005413533 -0.444817066 0.070182540 -0.005286214 0.997520208 44.774936676
0.997472286 0.002212033 -0.071022332 -2.717440128 -0.001773871 0.999978900 0.006231843 -0.448746443 0.071034625 -0.006090107 0.997455239 45.759113312
0.997453570 0.004589663 -0.071171455 -2.792382479 -0.004395724 0.999986231 0.002881330 -0.461388320 0.071183689 -0.002561142 0.997459888 46.729789734
0.997391403 0.004784936 -0.072024114 -2.871489525 -0.004891773 0.999987245 -0.001307027 -0.468532383 0.072016940 0.001655943 0.997402072 47.698040009
0.997331262 0.006390717 -0.072728157 -2.948528290 -0.006615479 0.999974012 -0.002849976 -0.478313297 0.072708070 0.003323502 0.997347713 48.667552948
0.997309506 0.004596873 -0.073160373 -3.012293339 -0.004534354 0.999989212 0.001020618 -0.497112036 0.073164284 -0.000686136 0.997319639 49.648815155
0.997321367 0.002860530 -0.073087268 -3.088339090 -0.002559419 0.999987841 0.004213206 -0.510833681 0.073098406 -0.004014859 0.997316718 50.618579865
0.997306406 0.001476033 -0.073331572 -3.161802769 -0.001129037 0.999987960 0.004773111 -0.520412862 0.073337741 -0.004677460 0.997296154 51.583766937
0.997288704 -0.002022249 -0.073561028 -3.228662252 0.002302118 0.999990463 0.003720002 -0.531310439 0.073552795 -0.003879262 0.997283757 52.537185669
0.997262836 -0.004568708 -0.073797345 -3.300433159 0.004756643 0.999985874 0.002371074 -0.542155027 0.073785484 -0.002715612 0.997270465 53.487659454
0.997177064 -0.006020792 -0.074843824 -3.374213696 0.006319831 0.999972880 0.003759322 -0.554896235 0.074819177 -0.004221709 0.997188151 54.439590454
0.997059524 -0.009085370 -0.076090395 -3.440984488 0.009700740 0.999923110 0.007721643 -0.560026944 0.076014392 -0.008437070 0.997071087 55.394851685
0.997014940 -0.009865338 -0.076575756 -3.515246630 0.010867820 0.999860525 0.012685688 -0.567093790 0.076439932 -0.013480032 0.996983111 56.336784363
0.996985555 -0.008248525 -0.077146001 -3.594041824 0.009418733 0.999845862 0.014817185 -0.566059113 0.077011891 -0.015499142 0.996909678 57.288349152
0.996877611 -0.006831070 -0.078664996 -3.670249462 0.007699763 0.999912620 0.010744918 -0.569158792 0.078584701 -0.011317071 0.996843219 58.227848053
0.996782303 -0.005528554 -0.079964750 -3.746452808 0.005792372 0.999978483 0.003067579 -0.577613115 0.079946093 -0.003520893 0.996792972 59.138183594
0.996731699 -0.003794183 -0.080692649 -3.831041574 0.003646586 0.999991417 -0.001976414 -0.582333565 0.080699451 0.001675702 0.996737063 60.048576355
0.996663928 0.000948913 -0.081609257 -3.913579941 -0.001011782 0.999999225 -0.000729014 -0.596491635 0.081608504 0.000809153 0.996664047 60.950122833
0.996543407 0.004075222 -0.082973227 -3.995263815 -0.003970630 0.999991119 0.001425524 -0.608763158 0.082978316 -0.001091141 0.996550798 61.846694946
0.996461987 0.006520192 -0.083790801 -4.078988075 -0.006328691 0.999976695 0.002550876 -0.619132221 0.083805472 -0.002011566 0.996480107 62.725219727
0.996351957 0.007360758 -0.085019886 -4.156456470 -0.007169631 0.999971032 0.002553150 -0.631793141 0.085036211 -0.001934275 0.996376038 63.591506958
0.996207356 0.009434451 -0.086497270 -4.238120556 -0.009183515 0.999952316 0.003298557 -0.642622709 0.086524293 -0.002491698 0.996246636 64.443771362
0.996071100 0.010082784 -0.087981388 -4.313107491 -0.009763327 0.999944091 0.004060545 -0.658207238 0.088017412 -0.003185600 0.996113837 65.265785217
0.995945513 0.009873181 -0.089414500 -4.388765335 -0.009517958 0.999944985 0.004398298 -0.667647839 0.089453019 -0.003529422 0.995984793 66.094161987
0.995837808 0.009620920 -0.090634331 -4.463944435 -0.009147153 0.999942243 0.005641162 -0.678486645 0.090683363 -0.004788636 0.995868266 66.892814636
0.995678306 0.012395970 -0.092038207 -4.546269417 -0.011684276 0.999897540 0.008267446 -0.682378709 0.092131257 -0.007156318 0.995721161 67.694488525
0.995535910 0.014102519 -0.093323722 -4.622912884 -0.013017904 0.999840617 0.012220662 -0.687387228 0.093481191 -0.010951231 0.995560825 68.484558105
0.995328724 0.017312422 -0.094978675 -4.707370281 -0.016034652 0.999770582 0.014200060 -0.695166409 0.095202737 -0.012610780 0.995378017 69.256942749
0.995170057 0.020191286 -0.096065953 -4.795577049 -0.019306457 0.999762177 0.010131352 -0.704795599 0.096247680 -0.008227727 0.995323420 69.998908997
0.995022357 0.019841300 -0.097656578 -4.866597176 -0.019639738 0.999802649 0.003024901 -0.718577921 0.097697310 -0.001091895 0.995215535 70.726165771
0.994899631 0.018835654 -0.099095374 -4.942540646 -0.019205436 0.999811709 -0.002778854 -0.728478849 0.099024378 0.004667850 0.995074093 71.430091858
0.994857550 0.019741440 -0.099341013 -5.021018028 -0.020237964 0.999787211 -0.003992810 -0.733263612 0.099241078 0.005982739 0.995045424 72.121475220
0.994711399 0.022418810 -0.100231692 -5.095529556 -0.022562398 0.999745429 -0.000299052 -0.747217238 0.100199468 0.002558938 0.994964123 72.792785645
0.994571567 0.022919120 -0.101499267 -5.170284748 -0.022823904 0.999737322 0.002099429 -0.765826404 0.101520739 0.000228578 0.994833410 73.455764771
0.994542420 0.019700773 -0.102455631 -5.233721256 -0.019899413 0.999801576 -0.000916945 -0.782936513 0.102417216 0.002950747 0.994737148 74.084571838
0.994655728 0.011433830 -0.102611817 -5.287998199 -0.012125247 0.999907732 -0.006116948 -0.795600414 0.102532409 0.007328452 0.994702637 74.695861816
0.994790196 0.007391233 -0.101674087 -5.343976021 -0.008562235 0.999901891 -0.011085619 -0.804750204 0.101582177 0.011898424 0.994755983 75.292884827
0.995112300 0.010163179 -0.098225370 -5.411981106 -0.011337434 0.999870658 -0.011403933 -0.816672444 0.098096751 0.012461817 0.995098889 75.876632690
0.995445967 0.014807994 -0.094170146 -5.473259449 -0.015648646 0.999843895 -0.008194716 -0.833250880 0.094034098 0.009631031 0.995522320 76.449882507
0.995890677 0.013292971 -0.089582145 -5.519505501 -0.013836422 0.999889433 -0.005448180 -0.839013577 0.089499816 0.006665288 0.995964527 77.009193420
0.996410012 0.009777868 -0.084091604 -5.550941944 -0.009906028 0.999950290 -0.001106949 -0.851576865 0.084076613 0.001935989 0.996457398 77.559936523
0.997119725 0.005372024 -0.075652152 -5.588958740 -0.005218016 0.999983966 0.002233238 -0.864387691 0.075662941 -0.001832052 0.997131705 78.089683533
0.997846723 0.008820058 -0.064993359 -5.622814655 -0.008698691 0.999959767 0.002150113 -0.875946164 0.065009721 -0.001580126 0.997883379 78.600051880
0.998656988 0.014060025 -0.049864527 -5.649612427 -0.013992154 0.999900639 0.001709937 -0.885981381 0.049883615 -0.001009928 0.998754561 79.105560303
0.999284506 0.019721907 -0.032270826 -5.655170441 -0.019667400 0.999804556 0.002005627 -0.888694763 0.032304067 -0.001369509 0.999477148 79.604637146
0.999799252 0.017598996 -0.009567749 -5.653953075 -0.017573129 0.999841690 0.002781320 -0.901646674 0.009615182 -0.002612627 0.999950349 80.075599670
0.999767363 0.013820580 0.016554136 -5.621628284 -0.013883028 0.999896824 0.003663390 -0.909210145 -0.016501797 -0.003892360 0.999856293 80.542686462
0.998854697 0.013116441 0.046012867 -5.577978134 -0.013358910 0.999898434 0.004966009 -0.915052533 -0.045943059 -0.005575003 0.998928547 81.002532959
0.996777594 0.012580093 0.079221293 -5.522414207 -0.013132028 0.999893010 0.006449861 -0.923276246 -0.079131663 -0.007469412 0.996836245 81.449371338
0.993092299 0.012306225 0.116688974 -5.445923805 -0.013198443 0.999889135 0.006876474 -0.931595743 -0.116591446 -0.008369085 0.993144691 81.894973755
0.987338424 0.012357388 0.158145428 -5.352377415 -0.013576297 0.999885857 0.006629499 -0.935852528 -0.158045426 -0.008692590 0.987393618 82.321296692
0.978934646 0.012050404 0.203817874 -5.246228695 -0.013695979 0.999884009 0.006665083 -0.945097148 -0.203713879 -0.009316166 0.978986144 82.747344971
0.967394590 0.014441327 0.252861768 -5.114944458 -0.016104907 0.999860048 0.004510332 -0.954014659 -0.252761245 -0.008435586 0.967491925 83.139091492
0.951998413 0.015397051 0.305715233 -4.956952095 -0.016654048 0.999860108 0.001503778 -0.963931680 -0.305649310 -0.006522990 0.952121794 83.527076721
0.932387054 0.015772026 0.361116946 -4.770644188 -0.016430028 0.999864221 -0.001248182 -0.965048194 -0.361087620 -0.004769373 0.932519734 83.899986267
0.908189714 0.016400840 0.418237329 -4.569175243 -0.016552195 0.999857664 -0.003266023 -0.973392546 -0.418231398 -0.003956578 0.908331931 84.245605469
0.879089713 0.016751561 0.476361811 -4.350491524 -0.016016629 0.999856055 -0.005603084 -0.977894485 -0.476387084 -0.002704096 0.879231513 84.574645996
0.845630169 0.015618112 0.533540666 -4.107827187 -0.013446767 0.999877930 -0.007956677 -0.985424936 -0.533599854 -0.000445990 0.845736980 84.881561279
0.809060335 0.014846139 0.587538004 -3.843057871 -0.011632571 0.999889612 -0.009247141 -0.996346891 -0.587610424 0.000646916 0.809143722 85.168350220
0.768877566 0.014208477 0.639238238 -3.561054945 -0.010650350 0.999898970 -0.009414688 -0.998079240 -0.639307380 0.000430631 0.768951118 85.453979492
0.726666451 0.013528336 0.686857224 -3.264262676 -0.011793708 0.999904454 -0.007216857 -1.007440925 -0.686889231 -0.002856346 0.726756573 85.695816040
0.682322562 0.012217812 0.730949044 -2.948551178 -0.010348533 0.999921679 -0.007053591 -1.015333176 -0.730977893 -0.002751426 0.682395518 85.917175293
0.635185003 0.011239051 0.772278190 -2.631594658 -0.007394838 0.999936759 -0.008470071 -1.024885416 -0.772324622 -0.000330809 0.635227978 86.131271362
0.588881791 0.008583239 0.808173537 -2.294896841 -0.000717292 0.999948740 -0.010097338 -1.028151155 -0.808218837 0.005366441 0.588857889 86.308929443
0.542143703 0.010383394 0.840221524 -1.959350705 -0.003121275 0.999941587 -0.010343234 -1.047608018 -0.840279996 0.002984957 0.542144418 86.478874207
0.495322913 0.013150411 0.868609309 -1.619553685 -0.005963733 0.999913335 -0.011737496 -1.053500295 -0.868688405 0.000633695 0.495358467 86.635070801
0.448623180 0.015836488 0.893580675 -1.278623939 -0.006479900 0.999874353 -0.014467037 -1.058625460 -0.893697560 0.000699935 0.448669434 86.782600403
0.406680048 0.013293757 0.913473845 -0.919063091 0.001151736 0.999885857 -0.015064063 -1.066102862 -0.913569927 0.007178335 0.406618357 86.891944885
0.366461277 0.005083527 0.930419385 -0.557114601 0.016983785 0.999781847 -0.012151850 -1.075267673 -0.930278301 0.020255227 0.366295040 86.986076355
0.331534505 0.000919747 0.943442583 -0.188009933 0.020634873 0.999753177 -0.008225932 -1.086001158 -0.943217397 0.022195002 0.331433743 87.066612244
0.299363315 0.005463054 0.954123557 0.186921358 0.018512614 0.999762118 -0.011532841 -1.091793180 -0.953959584 0.021115832 0.299191058 87.156524658
0.268175453 0.012975032 0.963282585 0.552308381 0.007675521 0.999848843 -0.015604408 -1.108588815 -0.963339448 0.011578416 0.268035322 87.256713867
0.239689216 0.018191798 0.970679164 0.933947384 0.002641168 0.999808490 -0.019389901 -1.121646285 -0.970846117 0.007211277 0.239595294 87.344329834
0.213776827 0.019098969 0.976695776 1.330271006 0.004135119 0.999782205 -0.020455504 -1.144307733 -0.976873815 0.008411666 0.213651299 87.415191650
0.190520570 0.021492872 0.981447995 1.742951989 0.011720995 0.999639153 -0.024166552 -1.144654989 -0.981613219 0.016107773 0.190199986 87.470214844
0.170428202 0.027075859 0.984997988 2.154448986 0.018099552 0.999367774 -0.030602509 -1.155074596 -0.985203803 0.023043554 0.169830412 87.513603210
0.150695577 0.034286458 0.987985432 2.582930088 0.020354234 0.999078929 -0.037776034 -1.152749658 -0.988370657 0.025802368 0.149858877 87.570396423
0.132652566 0.035487592 0.990527034 3.020645380 0.018304361 0.999100685 -0.038246099 -1.162181735 -0.990993559 0.023204414 0.131883711 87.628532410
0.117215984 0.030869018 0.992626548 3.484519958 0.015668381 0.999334931 -0.032927871 -1.193030119 -0.992982864 0.019412521 0.116654359 87.679832458
0.102321804 0.027791860 0.994363010 3.952391624 0.015880710 0.999436557 -0.029567821 -1.210434318 -0.994624615 0.018816620 0.101822808 87.722534180
0.089507058 0.025064010 0.995670736 4.438088417 0.018924721 0.999460042 -0.026860658 -1.230007648 -0.995806396 0.021247011 0.088984400 87.750686646
0.077801436 0.024783315 0.996660769 4.960332394 0.022121741 0.999401867 -0.026578348 -1.243881345 -0.996723473 0.024115710 0.077206664 87.789413452
0.067953974 0.025122058 0.997372031 5.455207825 0.025222765 0.999320090 -0.026889626 -1.263631105 -0.997369587 0.026983742 0.067274131 87.807418823
0.060326856 0.025643624 0.997849166 5.988326073 0.027436255 0.999249637 -0.027338330 -1.278091073 -0.997801542 0.029026482 0.059578028 87.834693909
0.054892365 0.025696421 0.998161435 6.505613327 0.030340204 0.999164283 -0.027390750 -1.299477696 -0.998031259 0.031787969 0.054066859 87.843612671
0.049412642 0.027072787 0.998411417 7.068857193 0.031460520 0.999094248 -0.028648328 -1.312573552 -0.998282850 0.032826129 0.048516177 87.862083435
0.042663753 0.027762037 0.998703659 7.647724628 0.031487394 0.999079943 -0.029117610 -1.332408071 -0.998593211 0.032688841 0.041750349 87.893135071
0.037938330 0.028165516 0.998883009 8.262281418 0.033713747 0.998997569 -0.029449217 -1.349838614 -0.998711228 0.034793351 0.036950745 87.915771484
0.035326943 0.028064188 0.998981655 8.871114731 0.035378672 0.998943925 -0.029314224 -1.369089007 -0.998749435 0.036378216 0.034296758 87.930511475
0.032118943 0.027882069 0.999095023 9.520470619 0.035829000 0.998936176 -0.029029466 -1.389325023 -0.998841703 0.036728967 0.031085787 87.945976257
0.029445972 0.026860906 0.999205291 10.180781364 0.037836522 0.998892486 -0.027967516 -1.414115548 -0.998850048 0.038629986 0.028397039 87.963150024
0.028823627 0.026457388 0.999234200 10.859441757 0.042870138 0.998697162 -0.027679788 -1.437834144 -0.998664796 0.043635145 0.027651845 87.976181030
0.029889589 0.025916442 0.999217153 11.552986145 0.045946024 0.998571396 -0.027274080 -1.460784197 -0.998496711 0.046725262 0.028656136 87.990814209
0.032596037 0.026027428 0.999129593 12.259802818 0.047756504 0.998478532 -0.027568497 -1.481071830 -0.998327076 0.048613556 0.031303469 88.008758545
0.036680032 0.025645452 0.998997927 12.984326363 0.050516412 0.998344958 -0.027483493 -1.510445833 -0.998049498 0.051473889 0.035323817 88.028602600
0.041202646 0.025366182 0.998828709 13.724160194 0.050817512 0.998330653 -0.027449803 -1.530751824 -0.997857690 0.051888999 0.039844826 88.057662964
0.044838510 0.023891509 0.998708487 14.475208282 0.052199639 0.998292267 -0.026225133 -1.553424239 -0.997629523 0.053308114 0.043514811 88.098594666
0.048589077 0.022370806 0.998568356 15.233583450 0.051943015 0.998339772 -0.024893166 -1.575994015 -0.997467279 0.053078182 0.047346413 88.140892029
0.052797165 0.020184945 0.998401165 16.012090683 0.048973024 0.998540342 -0.022777544 -1.601270914 -0.997403741 0.050097328 0.051731583 88.190666199
0.056798443 0.018975714 0.998205304 16.806777954 0.048361372 0.998593330 -0.021734884 -1.626539469 -0.997213662 0.049509082 0.055800866 88.242874146
0.060454234 0.020204302 0.997966409 17.600517273 0.045107730 0.998718381 -0.022952043 -1.649603367 -0.997151256 0.046403535 0.059465390 88.309074402
0.063223451 0.024184899 0.997706294 18.401233673 0.042963229 0.998713613 -0.026931843 -1.682738662 -0.997074127 0.044567414 0.062103063 88.371444702
0.064507812 0.029143028 0.997491539 19.205743790 0.037539657 0.998795092 -0.031608801 -1.713313460 -0.997210920 0.039484520 0.063336089 88.444175720
0.063911073 0.032692641 0.997419894 20.007940292 0.034488250 0.998793840 -0.034947563 -1.739441276 -0.997359514 0.036632814 0.062706478 88.508384705
0.064203575 0.031984467 0.997424126 20.825139999 0.032152191 0.998901069 -0.034101449 -1.777626276 -0.997418761 0.034258805 0.063104652 88.568473816
0.064084597 0.030388219 0.997481644 21.634326935 0.029296191 0.999048114 -0.032318119 -1.812300444 -0.997514307 0.031293511 0.063133366 88.628623962
0.063873529 0.029045178 0.997535169 22.447547913 0.030268596 0.999060094 -0.031027710 -1.848766088 -0.997498810 0.032175839 0.062934339 88.682472229
0.064127512 0.028243976 0.997541964 23.258335114 0.027840242 0.999159694 -0.030079516 -1.886990666 -0.997553289 0.029700730 0.063287325 88.738838196
0.064444818 0.028586453 0.997511744 24.081918716 0.026231959 0.999195695 -0.030329440 -1.922493339 -0.997576475 0.028121261 0.063643128 88.800682068
0.064374641 0.029098503 0.997501373 24.880846024 0.023221435 0.999260426 -0.030648427 -1.958864689 -0.997655630 0.025136396 0.063651331 88.853996277
0.063233584 0.030180773 0.997542262 25.684377670 0.020184726 0.999299526 -0.031513438 -1.998229504 -0.997794628 0.022127826 0.062580131 88.905036926
0.060218289 0.030198812 0.997728229 26.496339798 0.017271057 0.999361038 -0.031290635 -2.027404070 -0.998035789 0.019116089 0.059658255 88.961540222
0.057247844 0.028716138 0.997946858 27.293680191 0.015307258 0.999443471 -0.029637309 -2.063060999 -0.998242676 0.016972506 0.056776434 88.993202209
0.052448492 0.026250359 0.998278499 28.097515106 0.013400135 0.999545872 -0.026987711 -2.098529100 -0.998533726 0.014792530 0.052072920 89.033744812
0.046102669 0.024197355 0.998643696 28.889678955 0.010902132 0.999634743 -0.024724673 -2.133338451 -0.998877227 0.012027215 0.045822047 89.064582825
0.038568962 0.024123652 0.998964667 29.683202744 0.011159170 0.999635935 -0.024570700 -2.166837215 -0.999193668 0.012095286 0.038285725 89.088096619
0.030359605 0.024743054 0.999232709 30.471412659 0.010628442 0.999629021 -0.025075788 -2.202333927 -0.999482512 0.011381577 0.030085366 89.094627380
0.021162273 0.025149327 0.999459684 31.271785736 0.011539779 0.999610841 -0.025397468 -2.229807138 -0.999709487 0.012071013 0.020863818 89.093399048
0.011108072 0.024462676 0.999638975 32.062118530 0.013204877 0.999609947 -0.024608694 -2.256707430 -0.999851108 0.013473465 0.010780714 89.089279175
0.000456530 0.023457827 0.999724686 32.851432800 0.012161698 0.999650776 -0.023461647 -2.289687634 -0.999925971 0.012169064 0.000171083 89.080795288
-0.010395669 0.023127532 0.999678552 33.637931824 0.013931568 0.999638796 -0.022981744 -2.313072443 -0.999848962 0.013688178 -0.010714118 89.058151245
-0.021094549 0.023310088 0.999505579 34.415725708 0.013773577 0.999640048 -0.023022532 -2.344919205 -0.999682605 0.013281120 -0.021408020 89.029182434
-0.032053489 0.023949541 0.999199092 35.187629700 0.014036582 0.999625027 -0.023509463 -2.373971224 -0.999387622 0.013271782 -0.032377645 88.992218018
-0.042194359 0.024948755 0.998797894 35.958091736 0.014033165 0.999604404 -0.024376063 -2.403364420 -0.999010861 0.012987762 -0.042527776 88.941383362
-0.052116100 0.026297517 0.998294711 36.734008789 0.015259231 0.999557436 -0.025534172 -2.428258181 -0.998524487 0.013902470 -0.052494321 88.882606506
-0.061006397 0.026876656 0.997775435 37.497676849 0.015913159 0.999536514 -0.025951125 -2.457882166 -0.998010576 0.014294574 -0.061405804 88.812614441
-0.070378490 0.027397385 0.997143984 38.251392365 0.016552426 0.999517202 -0.026294315 -2.488310575 -0.997383058 0.014654600 -0.070798032 88.746665955
-0.081063151 0.027539955 0.996328413 38.961116791 0.016935751 0.999511957 -0.026250029 -2.522933722 -0.996565104 0.014745663 -0.081490003 88.696777344
-0.086789787 0.027486717 0.995847285 39.726566315 0.019555980 0.999473631 -0.025882471 -2.543621778 -0.996034682 0.017228439 -0.087281667 88.577377319
-0.082792923 0.025943343 0.996229053 40.431430817 0.026768979 0.999358118 -0.023800168 -2.568441391 -0.996207237 0.024697548 -0.083434291 88.296188354
-0.092951886 0.024622442 0.995366037 41.178146362 0.027323347 0.999380708 -0.022170177 -2.598081827 -0.995295644 0.025135973 -0.093567118 88.305229187
-0.102472678 0.023151722 0.994466364 41.900676727 0.027844083 0.999404132 -0.020397544 -2.627740145 -0.994346082 0.025599819 -0.103056252 88.328033447
-0.105844028 0.022091404 0.994137228 42.607597351 0.029311066 0.999388099 -0.019087391 -2.652628183 -0.993950605 0.027118938 -0.106426783 88.266212463
-0.107645251 0.021153882 0.993964314 43.287639618 0.029291380 0.999406993 -0.018097494 -2.677329063 -0.993757844 0.027166473 -0.108201057 88.195190430
-0.108579896 0.021523276 0.993854582 43.957904816 0.030167362 0.999376416 -0.018347036 -2.701479673 -0.993629873 0.027989848 -0.109161489 88.128524780
-0.107815646 0.022443712 0.993917465 44.618759155 0.030902972 0.999337733 -0.019213893 -2.726742744 -0.993690550 0.028643452 -0.108437814 88.062286377
-0.105031200 0.024616018 0.994164228 45.253894806 0.032440469 0.999246299 -0.021314593 -2.741105080 -0.993939698 0.030012462 -0.105750620 88.006172180
-0.100181475 0.024838878 0.994659066 45.877014160 0.031837851 0.999256432 -0.021746989 -2.770181179 -0.994459629 0.029489173 -0.100897819 87.952110291
-0.092305787 0.025420075 0.995406091 46.469005585 0.031112537 0.999259710 -0.022633363 -2.798489809 -0.995244503 0.028880421 -0.093028337 87.901588440
-0.080882177 0.025211448 0.996404707 47.040164948 0.029772295 0.999295115 -0.022867844 -2.826052189 -0.996278942 0.027815655 -0.081575766 87.858329773
-0.066772349 0.025688728 0.997437418 47.596591949 0.028954756 0.999297380 -0.023798281 -2.849506617 -0.997348070 0.027291499 -0.067469239 87.825645447
-0.050110631 0.026893148 0.998381555 48.136993408 0.028074285 0.999280334 -0.025508264 -2.875430107 -0.998349011 0.026750611 -0.050829574 87.818214417
-0.028491957 0.029474651 0.999159336 48.676246643 0.026378350 0.999239206 -0.028724805 -2.898425102 -0.999245942 0.025537748 -0.029247774 87.815666199
-0.003863981 0.032384373 0.999467969 49.196655273 0.023799483 0.999195337 -0.032283530 -2.924490690 -0.999709368 0.023662081 -0.004631603 87.830795288
0.024571955 0.033840768 0.999125063 49.701641083 0.021745576 0.999172151 -0.034377180 -2.952352047 -0.999461591 0.022571271 0.023815731 87.857826233
0.057838459 0.033752613 0.997755110 50.227401733 0.020234914 0.999183357 -0.034973919 -2.968751431 -0.998120904 0.022212328 0.057108250 87.909980774
0.095765240 0.031017315 0.994920671 50.723930359 0.019213453 0.999270499 -0.033002306 -2.995889902 -0.995218515 0.022276336 0.095099457 87.982604980
0.137871325 0.027976915 0.990054905 51.210029602 0.016723238 0.999392748 -0.030569602 -3.011547089 -0.990308881 0.020771600 0.137319744 88.071334839
0.182865858 0.022841895 0.982872427 51.702117920 0.013500683 0.999577463 -0.025741955 -3.045674562 -0.983045161 0.017976776 0.182480231 88.190872192
0.231629938 0.020310804 0.972591937 52.181659698 0.008986243 0.999694645 -0.023016937 -3.059165001 -0.972762465 0.014071360 0.231376722 88.329711914
0.283305109 0.018631138 0.958848834 52.658561707 0.005273386 0.999765873 -0.020984283 -3.079640627 -0.959015250 0.011001335 0.283140600 88.499847412
0.336365372 0.018587081 0.941548109 53.101821899 0.003402387 0.999774694 -0.020952027 -3.095182419 -0.941725373 0.010251047 0.336226404 88.709640503
0.393939257 0.020746643 0.918902218 53.539722443 0.004530677 0.999689281 -0.024512952 -3.096680403 -0.919125378 0.013819865 0.393722832 88.934844971
0.455290914 0.023054086 0.890044093 53.964935303 0.004847188 0.999585688 -0.028370969 -3.126910686 -0.890329480 0.017231256 0.454990566 89.167701721
0.512992620 0.026589157 0.857981026 54.344383240 0.005427267 0.999399722 -0.034216773 -3.146709442 -0.858375907 0.022209447 0.512540340 89.455993652
0.571771443 0.029257543 0.819891095 54.718078613 0.001493385 0.999325275 -0.036702041 -3.182673216 -0.820411563 0.022209594 0.571341932 89.753547668
0.626059830 0.033898745 0.779037893 55.048511505 -0.003582813 0.999169052 -0.040598195 -3.182350636 -0.779766858 0.022625748 0.625661075 90.089630127
0.678449214 0.035448331 0.733791471 55.369640350 -0.006004260 0.999069333 -0.042712066 -3.196188211 -0.734622777 0.024572091 0.678030610 90.446807861
0.727484882 0.034809086 0.685240090 55.663124084 -0.007623349 0.999060690 -0.042657346 -3.203972101 -0.686081290 0.025808757 0.727066994 90.806587219
0.772112250 0.031549163 0.634702504 55.915031433 -0.010297670 0.999256849 -0.037143018 -3.222883701 -0.635402620 0.022142624 0.771863461 91.183418274
0.813807607 0.026008341 0.580552042 56.160820007 -0.011095180 0.999511242 -0.029224403 -3.245473862 -0.581028402 0.017341714 0.813698530 91.585365295
0.849665344 0.024569992 0.526749492 56.369297028 -0.014395907 0.999622405 -0.023405837 -3.249024630 -0.527125657 0.012304096 0.849698305 92.019653320
0.880618095 0.019625900 0.473419964 56.554058075 -0.014547850 0.999790668 -0.014386153 -3.279556513 -0.473603278 0.005781466 0.880719304 92.448051453
0.905744612 0.021094795 0.423298448 56.691379547 -0.019069312 0.999777615 -0.009020047 -3.289208412 -0.423394591 0.000097850 0.905945361 92.879882812
0.925532103 0.023169989 0.377959460 56.818656921 -0.023090847 0.999722064 -0.004741862 -3.312968731 -0.377964348 -0.004338659 0.925810039 93.313392639
0.940881252 0.029035378 0.337490141 56.939884186 -0.029927585 0.999548793 -0.002560015 -3.314151049 -0.337412179 -0.007691594 0.941325605 93.761344910
0.952549100 0.034098189 0.302468866 57.046318054 -0.034802973 0.999389470 -0.003060929 -3.324280977 -0.302388668 -0.007611130 0.953154385 94.207473755
0.961741269 0.034582794 0.271767557 57.150959015 -0.035216600 0.999376416 -0.002546215 -3.320485115 -0.271686137 -0.007121929 0.962359548 94.664863586
0.967854202 0.028963191 0.249838680 57.264625549 -0.029207829 0.999569595 -0.002729004 -3.321812868 -0.249810219 -0.004655967 0.968283653 95.135726929
0.971648753 0.026436863 0.234946057 57.362899780 -0.026736870 0.999640703 -0.001908997 -3.328120470 -0.234912142 -0.004426849 0.972006559 95.620147705
0.974645972 0.029808022 0.221757978 57.466354370 -0.030056374 0.999545634 -0.002255400 -3.329527617 -0.221724480 -0.004467024 0.975099146 96.101898193
0.976600766 0.035233032 0.212154433 57.555904388 -0.035599858 0.999363899 -0.002091733 -3.330230236 -0.212093204 -0.005509880 0.977233946 96.600791931
0.977592170 0.042978827 0.206073374 57.645698547 -0.043291800 0.999057949 -0.002992194 -3.337258816 -0.206007853 -0.005996143 0.978532016 97.125007629
0.977958560 0.047624819 0.203295007 57.730804443 -0.047175162 0.998861670 -0.007059977 -3.329175234 -0.203399837 -0.002686109 0.979092062 97.670265198
0.978038132 0.049871627 0.202371210 57.843769073 -0.048981085 0.998755455 -0.009409296 -3.351588488 -0.202588543 -0.000709709 0.979263604 98.161018372
0.977702558 0.047323622 0.204592451 57.964439392 -0.045511264 0.998871744 -0.013557469 -3.345118761 -0.205003247 0.003943912 0.978753388 98.704917908
0.976695240 0.047281954 0.209357858 58.072135925 -0.044045646 0.998827279 -0.020096384 -3.360024452 -0.210062578 0.010406740 0.977632523 99.250328064
0.975917995 0.047180790 0.212974608 58.207199097 -0.042899407 0.998774469 -0.024682166 -3.375172377 -0.213878185 0.014951284 0.976745844 99.798355103
0.974726021 0.052196242 0.217220262 58.325611115 -0.048251629 0.998560548 -0.023427749 -3.400913954 -0.218130395 0.012354408 0.975841403 100.373603821
0.973325253 0.054928023 0.222757220 58.453788757 -0.051727261 0.998457253 -0.020182658 -3.404340506 -0.223522186 0.008121669 0.974664986 100.962257385
0.972284496 0.051972330 0.227951035 58.591049194 -0.049697932 0.998640716 -0.015710231 -3.420941830 -0.228457645 0.003946122 0.973545909 101.582656860
0.971570492 0.047826346 0.231869519 58.739479065 -0.046805147 0.998854876 -0.009906805 -3.440478563 -0.232077822 -0.001227528 0.972696424 102.183998108
0.970861733 0.044985365 0.235380009 58.893188477 -0.044995226 0.998972952 -0.005331900 -3.451566935 -0.235378191 -0.005414439 0.971888781 102.809082031
0.970473945 0.040403761 0.237797573 59.065422058 -0.040502474 0.999169409 -0.004472718 -3.465289354 -0.237780795 -0.005290736 0.971304357 103.446449280
0.970482647 0.037126780 0.238296017 59.219360352 -0.036269244 0.999310195 -0.007983755 -3.474522591 -0.238428071 -0.000894720 0.971159756 104.094772339
0.970607221 0.036477938 0.237888411 59.379547119 -0.033911958 0.999314129 -0.014871381 -3.489250422 -0.238267735 0.006367008 0.971178651 104.742164612
0.970702112 0.038067944 0.237251282 59.529079437 -0.033945233 0.999193668 -0.021439472 -3.504154921 -0.237876147 0.012757791 0.971211731 105.401916504
0.971232057 0.041315529 0.234523475 59.687747955 -0.036323398 0.999013066 -0.025568040 -3.511796474 -0.235348403 0.016313814 0.971774161 106.086997986
0.971950352 0.039682370 0.231814191 59.853618622 -0.035758801 0.999137521 -0.021104744 -3.531845808 -0.232451767 0.012223366 0.972531140 106.771995544
0.972270012 0.036332943 0.231022090 60.020748138 -0.034211248 0.999327660 -0.013184652 -3.550075531 -0.231345803 0.004915487 0.972859204 107.490135193
0.972843766 0.036186438 0.228616357 60.178550720 -0.035421677 0.999344707 -0.007449000 -3.569965363 -0.228736103 -0.000851260 0.973488152 108.214042664
0.973165393 0.039059848 0.226767212 60.335205078 -0.038291208 0.999236226 -0.007789209 -3.590261936 -0.226898313 -0.001103001 0.973917842 108.934646606
0.973543763 0.044897776 0.224046335 60.504993439 -0.043110039 0.998987436 -0.012866974 -3.596500635 -0.224397197 0.002867915 0.974493563 109.657951355
0.974367380 0.045729198 0.220265731 60.665447235 -0.042713091 0.998917222 -0.018438805 -3.603101969 -0.220870450 0.008557943 0.975265622 110.411041260
0.975172281 0.044713724 0.216886207 60.827537537 -0.041045640 0.998928308 -0.021390149 -3.621935606 -0.217610225 0.011956844 0.975962520 111.172126770
0.976205647 0.042057600 0.212729007 60.995170593 -0.038727079 0.999053776 -0.019800778 -3.636870623 -0.213360429 0.011091260 0.976910651 111.912017822
0.977123618 0.038409714 0.209174633 61.159015656 -0.035555992 0.999216437 -0.017387478 -3.666075230 -0.209678590 0.009552304 0.977723658 112.686508179
0.977563560 0.036716942 0.207415327 61.323448181 -0.034473803 0.999301493 -0.014420166 -3.685170174 -0.207799956 0.006946236 0.978146672 113.483016968
0.977852702 0.033492502 0.206596792 61.478145599 -0.031567652 0.999422133 -0.012607319 -3.696015120 -0.206899643 0.005806328 0.978344977 114.291564941
0.978173494 0.028430119 0.205835760 61.662811279 -0.026663022 0.999580026 -0.011354282 -3.710817337 -0.206072122 0.005618253 0.978520691 115.086204529
0.978258729 0.029264484 0.205313072 61.830696106 -0.027917176 0.999565482 -0.009456539 -3.733371973 -0.205500603 0.003519180 0.978650689 115.889579773
0.977997303 0.035504732 0.205574095 61.990680695 -0.033871341 0.999360442 -0.011460386 -3.752134323 -0.205849528 0.004245159 0.978574455 116.690475464
0.977637231 0.041085415 0.206245333 62.143337250 -0.038851857 0.999134243 -0.014869802 -3.765611649 -0.206677705 0.006524260 0.978387356 117.519195557
0.977041543 0.049897954 0.207122937 62.305858612 -0.047481325 0.998733699 -0.016625622 -3.779814720 -0.207690299 0.006409455 0.978173673 118.335433960
0.976090312 0.055991299 0.210030124 62.472343445 -0.053862996 0.998422623 -0.015844533 -3.805135489 -0.210585997 0.004152846 0.977566540 119.183219910
0.975321770 0.058660530 0.212852657 62.641677856 -0.057060059 0.998277307 -0.013659911 -3.833811045 -0.213287294 0.001177422 0.976988852 120.010742188
0.974700451 0.058749322 0.215655848 62.816749573 -0.056869380 0.998270154 -0.014917694 -3.849227190 -0.216159239 0.002276069 0.976355433 120.845718384
0.974329650 0.057646088 0.217620507 62.996559143 -0.055109441 0.998323143 -0.017712777 -3.870976448 -0.218276650 0.005265137 0.975872755 121.677932739
0.974362135 0.052099325 0.218870640 63.193557739 -0.049828086 0.998631418 -0.015888069 -3.903870106 -0.219398901 0.004574827 0.975624561 122.516235352
0.974632084 0.045121923 0.219217181 63.385704041 -0.042372949 0.998953283 -0.017227948 -3.931466818 -0.219765142 0.007502035 0.975524008 123.355590820
0.974384844 0.044137582 0.220513135 63.570053101 -0.041290965 0.998993814 -0.017504064 -3.952510595 -0.221063837 0.007950498 0.975226939 124.187942505
0.973838747 0.046595503 0.222411200 63.756053925 -0.044446602 0.998904169 -0.014660275 -3.972344637 -0.222850606 0.004391323 0.974842668 125.031127930
0.973412812 0.048530236 0.223857462 63.936279297 -0.047697712 0.998820007 -0.009128142 -3.989651680 -0.224036351 -0.001792039 0.974579155 125.875816345
0.973055542 0.052419141 0.224533260 64.120109558 -0.052768748 0.998596847 -0.004447764 -4.020044804 -0.224451363 -0.007520419 0.974456310 126.696121216
0.972854078 0.051221967 0.225679547 64.307548523 -0.049976166 0.998687267 -0.011233662 -4.037864208 -0.225958705 -0.000349883 0.974136829 127.526985168
0.973183274 0.046821479 0.225215495 64.499229431 -0.042118680 0.998783410 -0.025643516 -4.059817314 -0.226142198 0.015470063 0.973971426 128.336517334
